{
 "cells": [
  {
   "cell_type": "markdown",
   "metadata": {},
   "source": [
    "### Principal Component Analysis – Simple Example¶\n",
    "### We’re going to be utilizing a cancer dataset that is found within sklearn. We’re going to try to find what components are most important (show the most variance) in this dataset"
   ]
  },
  {
   "cell_type": "code",
   "execution_count": 32,
   "metadata": {},
   "outputs": [],
   "source": [
    "import numpy as np\n",
    "import matplotlib.pyplot as plt\n",
    "import seaborn as sns"
   ]
  },
  {
   "cell_type": "code",
   "execution_count": 33,
   "metadata": {},
   "outputs": [
    {
     "name": "stdout",
     "output_type": "stream",
     "text": [
      "[[1.799e+01 1.038e+01 1.228e+02 ... 2.654e-01 4.601e-01 1.189e-01]\n",
      " [2.057e+01 1.777e+01 1.329e+02 ... 1.860e-01 2.750e-01 8.902e-02]\n",
      " [1.969e+01 2.125e+01 1.300e+02 ... 2.430e-01 3.613e-01 8.758e-02]\n",
      " ...\n",
      " [1.660e+01 2.808e+01 1.083e+02 ... 1.418e-01 2.218e-01 7.820e-02]\n",
      " [2.060e+01 2.933e+01 1.401e+02 ... 2.650e-01 4.087e-01 1.240e-01]\n",
      " [7.760e+00 2.454e+01 4.792e+01 ... 0.000e+00 2.871e-01 7.039e-02]]\n",
      ".. _breast_cancer_dataset:\n",
      "\n",
      "Breast cancer wisconsin (diagnostic) dataset\n",
      "--------------------------------------------\n",
      "\n",
      "**Data Set Characteristics:**\n",
      "\n",
      "    :Number of Instances: 569\n",
      "\n",
      "    :Number of Attributes: 30 numeric, predictive attributes and the class\n",
      "\n",
      "    :Attribute Information:\n",
      "        - radius (mean of distances from center to points on the perimeter)\n",
      "        - texture (standard deviation of gray-scale values)\n",
      "        - perimeter\n",
      "        - area\n",
      "        - smoothness (local variation in radius lengths)\n",
      "        - compactness (perimeter^2 / area - 1.0)\n",
      "        - concavity (severity of concave portions of the contour)\n",
      "        - concave points (number of concave portions of the contour)\n",
      "        - symmetry \n",
      "        - fractal dimension (\"coastline approximation\" - 1)\n",
      "\n",
      "        The mean, standard error, and \"worst\" or largest (mean of the three\n",
      "        largest values) of these features were computed for each image,\n",
      "        resulting in 30 features.  For instance, field 3 is Mean Radius, field\n",
      "        13 is Radius SE, field 23 is Worst Radius.\n",
      "\n",
      "        - class:\n",
      "                - WDBC-Malignant\n",
      "                - WDBC-Benign\n",
      "\n",
      "    :Summary Statistics:\n",
      "\n",
      "    ===================================== ====== ======\n",
      "                                           Min    Max\n",
      "    ===================================== ====== ======\n",
      "    radius (mean):                        6.981  28.11\n",
      "    texture (mean):                       9.71   39.28\n",
      "    perimeter (mean):                     43.79  188.5\n",
      "    area (mean):                          143.5  2501.0\n",
      "    smoothness (mean):                    0.053  0.163\n",
      "    compactness (mean):                   0.019  0.345\n",
      "    concavity (mean):                     0.0    0.427\n",
      "    concave points (mean):                0.0    0.201\n",
      "    symmetry (mean):                      0.106  0.304\n",
      "    fractal dimension (mean):             0.05   0.097\n",
      "    radius (standard error):              0.112  2.873\n",
      "    texture (standard error):             0.36   4.885\n",
      "    perimeter (standard error):           0.757  21.98\n",
      "    area (standard error):                6.802  542.2\n",
      "    smoothness (standard error):          0.002  0.031\n",
      "    compactness (standard error):         0.002  0.135\n",
      "    concavity (standard error):           0.0    0.396\n",
      "    concave points (standard error):      0.0    0.053\n",
      "    symmetry (standard error):            0.008  0.079\n",
      "    fractal dimension (standard error):   0.001  0.03\n",
      "    radius (worst):                       7.93   36.04\n",
      "    texture (worst):                      12.02  49.54\n",
      "    perimeter (worst):                    50.41  251.2\n",
      "    area (worst):                         185.2  4254.0\n",
      "    smoothness (worst):                   0.071  0.223\n",
      "    compactness (worst):                  0.027  1.058\n",
      "    concavity (worst):                    0.0    1.252\n",
      "    concave points (worst):               0.0    0.291\n",
      "    symmetry (worst):                     0.156  0.664\n",
      "    fractal dimension (worst):            0.055  0.208\n",
      "    ===================================== ====== ======\n",
      "\n",
      "    :Missing Attribute Values: None\n",
      "\n",
      "    :Class Distribution: 212 - Malignant, 357 - Benign\n",
      "\n",
      "    :Creator:  Dr. William H. Wolberg, W. Nick Street, Olvi L. Mangasarian\n",
      "\n",
      "    :Donor: Nick Street\n",
      "\n",
      "    :Date: November, 1995\n",
      "\n",
      "This is a copy of UCI ML Breast Cancer Wisconsin (Diagnostic) datasets.\n",
      "https://goo.gl/U2Uwz2\n",
      "\n",
      "Features are computed from a digitized image of a fine needle\n",
      "aspirate (FNA) of a breast mass.  They describe\n",
      "characteristics of the cell nuclei present in the image.\n",
      "\n",
      "Separating plane described above was obtained using\n",
      "Multisurface Method-Tree (MSM-T) [K. P. Bennett, \"Decision Tree\n",
      "Construction Via Linear Programming.\" Proceedings of the 4th\n",
      "Midwest Artificial Intelligence and Cognitive Science Society,\n",
      "pp. 97-101, 1992], a classification method which uses linear\n",
      "programming to construct a decision tree.  Relevant features\n",
      "were selected using an exhaustive search in the space of 1-4\n",
      "features and 1-3 separating planes.\n",
      "\n",
      "The actual linear program used to obtain the separating plane\n",
      "in the 3-dimensional space is that described in:\n",
      "[K. P. Bennett and O. L. Mangasarian: \"Robust Linear\n",
      "Programming Discrimination of Two Linearly Inseparable Sets\",\n",
      "Optimization Methods and Software 1, 1992, 23-34].\n",
      "\n",
      "This database is also available through the UW CS ftp server:\n",
      "\n",
      "ftp ftp.cs.wisc.edu\n",
      "cd math-prog/cpo-dataset/machine-learn/WDBC/\n",
      "\n",
      ".. topic:: References\n",
      "\n",
      "   - W.N. Street, W.H. Wolberg and O.L. Mangasarian. Nuclear feature extraction \n",
      "     for breast tumor diagnosis. IS&T/SPIE 1993 International Symposium on \n",
      "     Electronic Imaging: Science and Technology, volume 1905, pages 861-870,\n",
      "     San Jose, CA, 1993.\n",
      "   - O.L. Mangasarian, W.N. Street and W.H. Wolberg. Breast cancer diagnosis and \n",
      "     prognosis via linear programming. Operations Research, 43(4), pages 570-577, \n",
      "     July-August 1995.\n",
      "   - W.H. Wolberg, W.N. Street, and O.L. Mangasarian. Machine learning techniques\n",
      "     to diagnose breast cancer from fine-needle aspirates. Cancer Letters 77 (1994) \n",
      "     163-171.\n",
      "['mean radius' 'mean texture' 'mean perimeter' 'mean area'\n",
      " 'mean smoothness' 'mean compactness' 'mean concavity'\n",
      " 'mean concave points' 'mean symmetry' 'mean fractal dimension'\n",
      " 'radius error' 'texture error' 'perimeter error' 'area error'\n",
      " 'smoothness error' 'compactness error' 'concavity error'\n",
      " 'concave points error' 'symmetry error' 'fractal dimension error'\n",
      " 'worst radius' 'worst texture' 'worst perimeter' 'worst area'\n",
      " 'worst smoothness' 'worst compactness' 'worst concavity'\n",
      " 'worst concave points' 'worst symmetry' 'worst fractal dimension']\n"
     ]
    }
   ],
   "source": [
    "#Import Data\n",
    "from sklearn.datasets import load_breast_cancer\n",
    "\n",
    "cancer = load_breast_cancer()\n",
    "dataset = cancer['data']\n",
    "print(dataset)\n",
    "#Some info about this dataset\n",
    "print(cancer['DESCR'])\n",
    "print(cancer['feature_names'])"
   ]
  },
  {
   "cell_type": "code",
   "execution_count": 34,
   "metadata": {},
   "outputs": [
    {
     "name": "stdout",
     "output_type": "stream",
     "text": [
      "Before standardization\n",
      "Mean:\n",
      " [1.41272917e+01 1.92896485e+01 9.19690334e+01 6.54889104e+02\n",
      " 9.63602812e-02 1.04340984e-01 8.87993158e-02 4.89191459e-02\n",
      " 1.81161863e-01 6.27976098e-02 4.05172056e-01 1.21685343e+00\n",
      " 2.86605923e+00 4.03370791e+01 7.04097891e-03 2.54781388e-02\n",
      " 3.18937163e-02 1.17961371e-02 2.05422988e-02 3.79490387e-03\n",
      " 1.62691898e+01 2.56772232e+01 1.07261213e+02 8.80583128e+02\n",
      " 1.32368594e-01 2.54265044e-01 2.72188483e-01 1.14606223e-01\n",
      " 2.90075571e-01 8.39458172e-02]\n",
      "Standard deviation:\n",
      " [3.52095076e+00 4.29725464e+00 2.42776193e+01 3.51604754e+02\n",
      " 1.40517641e-02 5.27663291e-02 7.96497253e-02 3.87687325e-02\n",
      " 2.73901809e-02 7.05415588e-03 2.77068942e-01 5.51163427e-01\n",
      " 2.02007710e+00 4.54510134e+01 2.99987837e-03 1.78924359e-02\n",
      " 3.01595231e-02 6.16486075e-03 8.25910439e-03 2.64374475e-03\n",
      " 4.82899258e+00 6.14085432e+00 3.35730016e+01 5.68856459e+02\n",
      " 2.28123569e-02 1.57198171e-01 2.08440875e-01 6.56745545e-02\n",
      " 6.18130785e-02 1.80453893e-02]\n",
      "\n",
      "After standardization\n",
      "Mean:\n",
      " [-3.16286735e-15 -6.53060890e-15 -7.07889127e-16 -8.79983452e-16\n",
      "  6.13217737e-15 -1.12036918e-15 -4.42138027e-16  9.73249991e-16\n",
      " -1.97167024e-15 -1.45363120e-15 -9.07641468e-16 -8.85349205e-16\n",
      "  1.77367396e-15 -8.29155139e-16 -7.54180940e-16 -3.92187747e-16\n",
      "  7.91789988e-16 -2.73946068e-16 -3.10823423e-16 -3.36676596e-16\n",
      " -2.33322442e-15  1.76367415e-15 -1.19802625e-15  5.04966114e-16\n",
      " -5.21317026e-15 -2.17478837e-15  6.85645643e-16 -1.41265636e-16\n",
      " -2.28956670e-15  2.57517109e-15]\n",
      "Standard deviation:\n",
      " [1. 1. 1. 1. 1. 1. 1. 1. 1. 1. 1. 1. 1. 1. 1. 1. 1. 1. 1. 1. 1. 1. 1. 1.\n",
      " 1. 1. 1. 1. 1. 1.]\n"
     ]
    }
   ],
   "source": [
    "print('Before standardization')\n",
    "print('Mean:\\n',dataset.mean(axis=0))\n",
    "print('Standard deviation:\\n',dataset.std(axis=0))\n",
    "\n",
    "# Standardization\n",
    "dataset_standardizated = (dataset - np.mean(dataset, axis=0)) / np.std(dataset, axis=0)\n",
    "\n",
    "print('\\nAfter standardization')\n",
    "print('Mean:\\n',dataset_standardizated.mean(axis=0))\n",
    "print('Standard deviation:\\n',dataset_standardizated.std(axis=0))"
   ]
  },
  {
   "cell_type": "code",
   "execution_count": 35,
   "metadata": {},
   "outputs": [
    {
     "data": {
      "text/plain": [
       "array([[ 1.00176056e+00,  3.24351929e-01,  9.99612069e-01,\n",
       "         9.89095475e-01,  1.70881506e-01,  5.07014640e-01,\n",
       "         6.77955036e-01,  8.23976636e-01,  1.48001350e-01,\n",
       "        -3.12179472e-01,  6.80285970e-01, -9.74887767e-02,\n",
       "         6.75358538e-01,  7.37159198e-01, -2.22992026e-01,\n",
       "         2.06362656e-01,  1.94545531e-01,  3.76831225e-01,\n",
       "        -1.04504545e-01, -4.27163418e-02,  9.71245907e-01,\n",
       "         2.97530545e-01,  9.66835698e-01,  9.42739295e-01,\n",
       "         1.19826732e-01,  4.14190751e-01,  5.27839123e-01,\n",
       "         7.45524434e-01,  1.64241985e-01,  7.07832563e-03],\n",
       "       [ 3.24351929e-01,  1.00176056e+00,  3.30113223e-01,\n",
       "         3.21650988e-01, -2.34296930e-02,  2.37118951e-01,\n",
       "         3.02950254e-01,  2.93980713e-01,  7.15266864e-02,\n",
       "        -7.65717560e-02,  2.76354360e-01,  3.87037830e-01,\n",
       "         2.82169018e-01,  2.60302460e-01,  6.62542133e-03,\n",
       "         1.92312595e-01,  1.43545353e-01,  1.64139495e-01,\n",
       "         9.14323671e-03,  5.45533955e-02,  3.53193674e-01,\n",
       "         9.13650301e-01,  3.58669926e-01,  3.44150782e-01,\n",
       "         7.76398084e-02,  2.78318729e-01,  3.01555198e-01,\n",
       "         2.95835766e-01,  1.05192783e-01,  1.19415220e-01],\n",
       "       [ 9.99612069e-01,  3.30113223e-01,  1.00176056e+00,\n",
       "         9.88243612e-01,  2.07643090e-01,  5.57916732e-01,\n",
       "         7.17396452e-01,  8.52475240e-01,  1.83349443e-01,\n",
       "        -2.61937255e-01,  6.92982910e-01, -8.69138267e-02,\n",
       "         6.94355197e-01,  7.46294283e-01, -2.03050882e-01,\n",
       "         2.51185131e-01,  2.28483899e-01,  4.07933847e-01,\n",
       "        -8.17730406e-02, -5.53311534e-03,  9.71183188e-01,\n",
       "         3.03571890e-01,  9.72095315e-01,  9.43207466e-01,\n",
       "         1.50814456e-01,  4.56576647e-01,  5.64872009e-01,\n",
       "         7.72598608e-01,  1.89447989e-01,  5.11083511e-02],\n",
       "       [ 9.89095475e-01,  3.21650988e-01,  9.88243612e-01,\n",
       "         1.00176056e+00,  1.77340047e-01,  4.99379326e-01,\n",
       "         6.87190545e-01,  8.24718286e-01,  1.51559440e-01,\n",
       "        -2.83608244e-01,  7.33851949e-01, -6.63969041e-02,\n",
       "         7.27907603e-01,  8.01494523e-01, -1.67070287e-01,\n",
       "         2.12956816e-01,  2.08025659e-01,  3.72975776e-01,\n",
       "        -7.26242231e-02, -1.99219755e-02,  9.64441062e-01,\n",
       "         2.87994769e-01,  9.60808165e-01,  9.60902082e-01,\n",
       "         1.23740409e-01,  3.91097651e-01,  5.13508396e-01,\n",
       "         7.23287782e-01,  1.43822678e-01,  3.74417763e-03],\n",
       "       [ 1.70881506e-01, -2.34296930e-02,  2.07643090e-01,\n",
       "         1.77340047e-01,  1.00176056e+00,  6.60283643e-01,\n",
       "         5.22902753e-01,  5.54669988e-01,  5.58756786e-01,\n",
       "         5.85821565e-01,  3.01997850e-01,  6.85268821e-02,\n",
       "         2.96613222e-01,  2.46986503e-01,  3.32960611e-01,\n",
       "         3.19504817e-01,  2.48832996e-01,  3.81345895e-01,\n",
       "         2.01127852e-01,  2.84106006e-01,  2.13495353e-01,\n",
       "         3.61353055e-02,  2.39273141e-01,  2.07082304e-01,\n",
       "         8.06742020e-01,  4.73300254e-01,  4.35691429e-01,\n",
       "         5.03939011e-01,  3.95003689e-01,  5.00195447e-01],\n",
       "       [ 5.07014640e-01,  2.37118951e-01,  5.57916732e-01,\n",
       "         4.99379326e-01,  6.60283643e-01,  1.00176056e+00,\n",
       "         8.84675460e-01,  8.32598309e-01,  6.03702036e-01,\n",
       "         5.66364031e-01,  4.98349280e-01,  4.62861772e-02,\n",
       "         5.49871647e-01,  4.56455058e-01,  1.35537471e-01,\n",
       "         7.40022356e-01,  5.71521303e-01,  6.43392594e-01,\n",
       "         2.30381479e-01,  5.08211293e-01,  5.36257855e-01,\n",
       "         2.48569687e-01,  5.91249531e-01,  5.10500995e-01,\n",
       "         5.66536837e-01,  8.67333351e-01,  8.17712354e-01,\n",
       "         8.17009092e-01,  5.11121711e-01,  6.88592503e-01],\n",
       "       [ 6.77955036e-01,  3.02950254e-01,  7.17396452e-01,\n",
       "         6.87190545e-01,  5.22902753e-01,  8.84675460e-01,\n",
       "         1.00176056e+00,  9.23013194e-01,  5.01548072e-01,\n",
       "         3.37376288e-01,  6.33037366e-01,  7.63525354e-02,\n",
       "         6.61553447e-01,  6.18513825e-01,  9.87372735e-02,\n",
       "         6.71458893e-01,  6.92487233e-01,  6.84462839e-01,\n",
       "         1.78322604e-01,  4.50091771e-01,  6.89448091e-01,\n",
       "         3.00406844e-01,  7.30849362e-01,  6.77177350e-01,\n",
       "         4.49612218e-01,  7.56297185e-01,  8.85659158e-01,\n",
       "         8.62839447e-01,  4.10185014e-01,  5.15836457e-01],\n",
       "       [ 8.23976636e-01,  2.93980713e-01,  8.52475240e-01,\n",
       "         8.24718286e-01,  5.54669988e-01,  8.32598309e-01,\n",
       "         9.23013194e-01,  1.00176056e+00,  4.63311644e-01,\n",
       "         1.67211252e-01,  6.99278795e-01,  2.15173981e-02,\n",
       "         7.11901016e-01,  6.91513854e-01,  2.77019938e-02,\n",
       "         4.91287673e-01,  4.39940250e-01,  6.16717994e-01,\n",
       "         9.55186580e-02,  2.58037239e-01,  8.31779458e-01,\n",
       "         2.93267121e-01,  8.57430035e-01,  8.11055024e-01,\n",
       "         4.53550155e-01,  6.68628771e-01,  7.53724145e-01,\n",
       "         9.11757700e-01,  3.76405667e-01,  3.69310185e-01],\n",
       "       [ 1.48001350e-01,  7.15266864e-02,  1.83349443e-01,\n",
       "         1.51559440e-01,  5.58756786e-01,  6.03702036e-01,\n",
       "         5.01548072e-01,  4.63311644e-01,  1.00176056e+00,\n",
       "         4.80766262e-01,  3.03913382e-01,  1.28278372e-01,\n",
       "         3.14445389e-01,  2.24364533e-01,  1.87650956e-01,\n",
       "         4.22401505e-01,  3.43230240e-01,  3.93990298e-01,\n",
       "         4.49927276e-01,  3.32370277e-01,  1.86054739e-01,\n",
       "         9.08102844e-02,  2.19554419e-01,  1.77505338e-01,\n",
       "         4.27426215e-01,  4.74033112e-01,  4.34484601e-01,\n",
       "         4.31054176e-01,  7.01057885e-01,  4.39185353e-01],\n",
       "       [-3.12179472e-01, -7.65717560e-02, -2.61937255e-01,\n",
       "        -2.83608244e-01,  5.85821565e-01,  5.66364031e-01,\n",
       "         3.37376288e-01,  1.67211252e-01,  4.80766262e-01,\n",
       "         1.00176056e+00,  1.11190486e-04,  1.64463005e-01,\n",
       "         3.99000547e-02, -9.03289980e-02,  4.02672109e-01,\n",
       "         5.60822319e-01,  4.47416643e-01,  3.41798745e-01,\n",
       "         3.45614805e-01,  6.89343077e-01, -2.54138135e-01,\n",
       "        -5.13594647e-02, -2.05512393e-01, -2.32262646e-01,\n",
       "         5.05831058e-01,  4.59605900e-01,  3.46843443e-01,\n",
       "         1.75634121e-01,  3.34606745e-01,  7.68647654e-01],\n",
       "       [ 6.80285970e-01,  2.76354360e-01,  6.92982910e-01,\n",
       "         7.33851949e-01,  3.01997850e-01,  4.98349280e-01,\n",
       "         6.33037366e-01,  6.99278795e-01,  3.03913382e-01,\n",
       "         1.11190486e-04,  1.00176056e+00,  2.13622773e-01,\n",
       "         9.74506342e-01,  9.53505869e-01,  1.64803858e-01,\n",
       "         3.56691450e-01,  3.32942674e-01,  5.14250220e-01,\n",
       "         2.40990897e-01,  2.28154507e-01,  7.16324113e-01,\n",
       "         1.95141512e-01,  7.20950853e-01,  7.52871625e-01,\n",
       "         1.42168410e-01,  2.87608629e-01,  3.81254678e-01,\n",
       "         5.31997297e-01,  9.47092790e-02,  4.96466850e-02],\n",
       "       [-9.74887767e-02,  3.87037830e-01, -8.69138267e-02,\n",
       "        -6.63969041e-02,  6.85268821e-02,  4.62861772e-02,\n",
       "         7.63525354e-02,  2.15173981e-02,  1.28278372e-01,\n",
       "         1.64463005e-01,  2.13622773e-01,  1.00176056e+00,\n",
       "         2.23563635e-01,  1.11763668e-01,  3.97942224e-01,\n",
       "         2.32107621e-01,  1.95341772e-01,  2.30688828e-01,\n",
       "         4.12345364e-01,  2.80215217e-01, -1.11886951e-01,\n",
       "         4.09722842e-01, -1.02421925e-01, -8.33414586e-02,\n",
       "        -7.37873381e-02, -9.26020990e-02, -6.90776223e-02,\n",
       "        -1.19848153e-01, -1.28440488e-01, -4.57349464e-02],\n",
       "       [ 6.75358538e-01,  2.82169018e-01,  6.94355197e-01,\n",
       "         7.27907603e-01,  2.96613222e-01,  5.49871647e-01,\n",
       "         6.61553447e-01,  7.11901016e-01,  3.14445389e-01,\n",
       "         3.99000547e-02,  9.74506342e-01,  2.23563635e-01,\n",
       "         1.00176056e+00,  9.39306209e-01,  1.51341309e-01,\n",
       "         4.17055330e-01,  3.63119754e-01,  5.57243422e-01,\n",
       "         2.66956259e-01,  2.44572602e-01,  6.98428059e-01,\n",
       "         2.00723620e-01,  7.22300731e-01,  7.31999440e-01,\n",
       "         1.30283361e-01,  3.42521416e-01,  4.19636314e-01,\n",
       "         5.55874162e-01,  1.10123974e-01,  8.55829815e-02],\n",
       "       [ 7.37159198e-01,  2.60302460e-01,  7.46294283e-01,\n",
       "         8.01494523e-01,  2.46986503e-01,  4.56455058e-01,\n",
       "         6.18513825e-01,  6.91513854e-01,  2.24364533e-01,\n",
       "        -9.03289980e-02,  9.53505869e-01,  1.11763668e-01,\n",
       "         9.39306209e-01,  1.00176056e+00,  7.52826451e-02,\n",
       "         2.85341536e-01,  2.71371654e-01,  4.16461487e-01,\n",
       "         1.34345087e-01,  1.27294619e-01,  7.58706592e-01,\n",
       "         1.96842594e-01,  7.62552799e-01,  8.12836496e-01,\n",
       "         1.25610187e-01,  2.83755229e-01,  3.85778129e-01,\n",
       "         5.39113790e-01,  7.42567956e-02,  1.75701742e-02],\n",
       "       [-2.22992026e-01,  6.62542133e-03, -2.03050882e-01,\n",
       "        -1.67070287e-01,  3.32960611e-01,  1.35537471e-01,\n",
       "         9.87372735e-02,  2.77019938e-02,  1.87650956e-01,\n",
       "         4.02672109e-01,  1.64803858e-01,  3.97942224e-01,\n",
       "         1.51341309e-01,  7.52826451e-02,  1.00176056e+00,\n",
       "         3.37288855e-01,  2.69157796e-01,  3.29007720e-01,\n",
       "         4.14234129e-01,  4.28126626e-01, -2.31096855e-01,\n",
       "        -7.48745546e-02, -2.17686332e-01, -1.82516245e-01,\n",
       "         3.15011078e-01, -5.56559523e-02, -5.84010247e-02,\n",
       "        -1.02186386e-01, -1.07531080e-01,  1.01658978e-01],\n",
       "       [ 2.06362656e-01,  1.92312595e-01,  2.51185131e-01,\n",
       "         2.12956816e-01,  3.19504817e-01,  7.40022356e-01,\n",
       "         6.71458893e-01,  4.91287673e-01,  4.22401505e-01,\n",
       "         5.60822319e-01,  3.56691450e-01,  2.32107621e-01,\n",
       "         4.17055330e-01,  2.85341536e-01,  3.37288855e-01,\n",
       "         1.00176056e+00,  8.02679026e-01,  7.45392672e-01,\n",
       "         3.95407752e-01,  8.04683023e-01,  2.04967390e-01,\n",
       "         1.43254348e-01,  2.60974494e-01,  1.99722335e-01,\n",
       "         2.27794574e-01,  6.79975390e-01,  6.40271956e-01,\n",
       "         4.84059046e-01,  2.78367653e-01,  5.92013208e-01],\n",
       "       [ 1.94545531e-01,  1.43545353e-01,  2.28483899e-01,\n",
       "         2.08025659e-01,  2.48832996e-01,  5.71521303e-01,\n",
       "         6.92487233e-01,  4.39940250e-01,  3.43230240e-01,\n",
       "         4.47416643e-01,  3.32942674e-01,  1.95341772e-01,\n",
       "         3.63119754e-01,  2.71371654e-01,  2.69157796e-01,\n",
       "         8.02679026e-01,  1.00176056e+00,  7.73162805e-01,\n",
       "         3.09973347e-01,  7.28652769e-01,  1.87232571e-01,\n",
       "         1.00417464e-01,  2.27079511e-01,  1.88684259e-01,\n",
       "         1.68777943e-01,  4.85711424e-01,  6.63730620e-01,\n",
       "         4.41247742e-01,  1.98136040e-01,  4.40102736e-01],\n",
       "       [ 3.76831225e-01,  1.64139495e-01,  4.07933847e-01,\n",
       "         3.72975776e-01,  3.81345895e-01,  6.43392594e-01,\n",
       "         6.84462839e-01,  6.16717994e-01,  3.93990298e-01,\n",
       "         3.41798745e-01,  5.14250220e-01,  2.30688828e-01,\n",
       "         5.57243422e-01,  4.16461487e-01,  3.29007720e-01,\n",
       "         7.45392672e-01,  7.73162805e-01,  1.00176056e+00,\n",
       "         3.13330893e-01,  6.12119921e-01,  3.58757174e-01,\n",
       "         8.68939233e-02,  3.95694673e-01,  3.42873752e-01,\n",
       "         2.15729735e-01,  4.53685716e-01,  5.50559967e-01,\n",
       "         6.03510257e-01,  1.43367633e-01,  3.11201479e-01],\n",
       "       [-1.04504545e-01,  9.14323671e-03, -8.17730406e-02,\n",
       "        -7.26242231e-02,  2.01127852e-01,  2.30381479e-01,\n",
       "         1.78322604e-01,  9.55186580e-02,  4.49927276e-01,\n",
       "         3.45614805e-01,  2.40990897e-01,  4.12345364e-01,\n",
       "         2.66956259e-01,  1.34345087e-01,  4.14234129e-01,\n",
       "         3.95407752e-01,  3.09973347e-01,  3.13330893e-01,\n",
       "         1.00176056e+00,  3.69727869e-01, -1.28346334e-01,\n",
       "        -7.76098171e-02, -1.03935708e-01, -1.10537008e-01,\n",
       "        -1.26840915e-02,  6.03609620e-02,  3.71843990e-02,\n",
       "        -3.04669411e-02,  3.90088053e-01,  7.82169401e-02],\n",
       "       [-4.27163418e-02,  5.45533955e-02, -5.53311534e-03,\n",
       "        -1.99219755e-02,  2.84106006e-01,  5.08211293e-01,\n",
       "         4.50091771e-01,  2.58037239e-01,  3.32370277e-01,\n",
       "         6.89343077e-01,  2.28154507e-01,  2.80215217e-01,\n",
       "         2.44572602e-01,  1.27294619e-01,  4.28126626e-01,\n",
       "         8.04683023e-01,  7.28652769e-01,  6.12119921e-01,\n",
       "         3.69727869e-01,  1.00176056e+00, -3.75536172e-02,\n",
       "        -3.20065392e-03, -1.00215889e-03, -2.27761757e-02,\n",
       "         1.70868612e-01,  3.90845741e-01,  3.80643631e-01,\n",
       "         2.15582894e-01,  1.11289544e-01,  5.92369136e-01],\n",
       "       [ 9.71245907e-01,  3.53193674e-01,  9.71183188e-01,\n",
       "         9.64441062e-01,  2.13495353e-01,  5.36257855e-01,\n",
       "         6.89448091e-01,  8.31779458e-01,  1.86054739e-01,\n",
       "        -2.54138135e-01,  7.16324113e-01, -1.11886951e-01,\n",
       "         6.98428059e-01,  7.58706592e-01, -2.31096855e-01,\n",
       "         2.04967390e-01,  1.87232571e-01,  3.58757174e-01,\n",
       "        -1.28346334e-01, -3.75536172e-02,  1.00176056e+00,\n",
       "         3.60554418e-01,  9.95457402e-01,  9.85746984e-01,\n",
       "         2.16955724e-01,  4.76657749e-01,  5.74985227e-01,\n",
       "         7.88810161e-01,  2.43957953e-01,  9.36565772e-02],\n",
       "       [ 2.97530545e-01,  9.13650301e-01,  3.03571890e-01,\n",
       "         2.87994769e-01,  3.61353055e-02,  2.48569687e-01,\n",
       "         3.00406844e-01,  2.93267121e-01,  9.08102844e-02,\n",
       "        -5.13594647e-02,  1.95141512e-01,  4.09722842e-01,\n",
       "         2.00723620e-01,  1.96842594e-01, -7.48745546e-02,\n",
       "         1.43254348e-01,  1.00417464e-01,  8.68939233e-02,\n",
       "        -7.76098171e-02, -3.20065392e-03,  3.60554418e-01,\n",
       "         1.00176056e+00,  3.65741024e-01,  3.46451160e-01,\n",
       "         2.25826298e-01,  3.61467607e-01,  3.69014138e-01,\n",
       "         3.60387980e-01,  2.33437721e-01,  2.19508204e-01],\n",
       "       [ 9.66835698e-01,  3.58669926e-01,  9.72095315e-01,\n",
       "         9.60808165e-01,  2.39273141e-01,  5.91249531e-01,\n",
       "         7.30849362e-01,  8.57430035e-01,  2.19554419e-01,\n",
       "        -2.05512393e-01,  7.20950853e-01, -1.02421925e-01,\n",
       "         7.22300731e-01,  7.62552799e-01, -2.17686332e-01,\n",
       "         2.60974494e-01,  2.27079511e-01,  3.95694673e-01,\n",
       "        -1.03935708e-01, -1.00215889e-03,  9.95457402e-01,\n",
       "         3.65741024e-01,  1.00176056e+00,  9.79299180e-01,\n",
       "         2.37191461e-01,  5.30339746e-01,  6.19432713e-01,\n",
       "         8.17759288e-01,  2.69967228e-01,  1.39201504e-01],\n",
       "       [ 9.42739295e-01,  3.44150782e-01,  9.43207466e-01,\n",
       "         9.60902082e-01,  2.07082304e-01,  5.10500995e-01,\n",
       "         6.77177350e-01,  8.11055024e-01,  1.77505338e-01,\n",
       "        -2.32262646e-01,  7.52871625e-01, -8.33414586e-02,\n",
       "         7.31999440e-01,  8.12836496e-01, -1.82516245e-01,\n",
       "         1.99722335e-01,  1.88684259e-01,  3.42873752e-01,\n",
       "        -1.10537008e-01, -2.27761757e-02,  9.85746984e-01,\n",
       "         3.46451160e-01,  9.79299180e-01,  1.00176056e+00,\n",
       "         2.09513547e-01,  4.39067932e-01,  5.44287093e-01,\n",
       "         7.48734680e-01,  2.09513722e-01,  7.97872577e-02],\n",
       "       [ 1.19826732e-01,  7.76398084e-02,  1.50814456e-01,\n",
       "         1.23740409e-01,  8.06742020e-01,  5.66536837e-01,\n",
       "         4.49612218e-01,  4.53550155e-01,  4.27426215e-01,\n",
       "         5.05831058e-01,  1.42168410e-01, -7.37873381e-02,\n",
       "         1.30283361e-01,  1.25610187e-01,  3.15011078e-01,\n",
       "         2.27794574e-01,  1.68777943e-01,  2.15729735e-01,\n",
       "        -1.26840915e-02,  1.70868612e-01,  2.16955724e-01,\n",
       "         2.25826298e-01,  2.37191461e-01,  2.09513547e-01,\n",
       "         1.00176056e+00,  5.69186845e-01,  5.19436186e-01,\n",
       "         5.48655147e-01,  4.94707764e-01,  6.18711558e-01],\n",
       "       [ 4.14190751e-01,  2.78318729e-01,  4.56576647e-01,\n",
       "         3.91097651e-01,  4.73300254e-01,  8.67333351e-01,\n",
       "         7.56297185e-01,  6.68628771e-01,  4.74033112e-01,\n",
       "         4.59605900e-01,  2.87608629e-01, -9.26020990e-02,\n",
       "         3.42521416e-01,  2.83755229e-01, -5.56559523e-02,\n",
       "         6.79975390e-01,  4.85711424e-01,  4.53685716e-01,\n",
       "         6.03609620e-02,  3.90845741e-01,  4.76657749e-01,\n",
       "         3.61467607e-01,  5.30339746e-01,  4.39067932e-01,\n",
       "         5.69186845e-01,  1.00176056e+00,  8.93831781e-01,\n",
       "         8.02490717e-01,  6.15522263e-01,  8.11881713e-01],\n",
       "       [ 5.27839123e-01,  3.01555198e-01,  5.64872009e-01,\n",
       "         5.13508396e-01,  4.35691429e-01,  8.17712354e-01,\n",
       "         8.85659158e-01,  7.53724145e-01,  4.34484601e-01,\n",
       "         3.46843443e-01,  3.81254678e-01, -6.90776223e-02,\n",
       "         4.19636314e-01,  3.85778129e-01, -5.84010247e-02,\n",
       "         6.40271956e-01,  6.63730620e-01,  5.50559967e-01,\n",
       "         3.71843990e-02,  3.80643631e-01,  5.74985227e-01,\n",
       "         3.69014138e-01,  6.19432713e-01,  5.44287093e-01,\n",
       "         5.19436186e-01,  8.93831781e-01,  1.00176056e+00,\n",
       "         8.56939906e-01,  5.33457264e-01,  6.87719567e-01],\n",
       "       [ 7.45524434e-01,  2.95835766e-01,  7.72598608e-01,\n",
       "         7.23287782e-01,  5.03939011e-01,  8.17009092e-01,\n",
       "         8.62839447e-01,  9.11757700e-01,  4.31054176e-01,\n",
       "         1.75634121e-01,  5.31997297e-01, -1.19848153e-01,\n",
       "         5.55874162e-01,  5.39113790e-01, -1.02186386e-01,\n",
       "         4.84059046e-01,  4.41247742e-01,  6.03510257e-01,\n",
       "        -3.04669411e-02,  2.15582894e-01,  7.88810161e-01,\n",
       "         3.60387980e-01,  8.17759288e-01,  7.48734680e-01,\n",
       "         5.48655147e-01,  8.02490717e-01,  8.56939906e-01,\n",
       "         1.00176056e+00,  5.03413227e-01,  5.12013995e-01],\n",
       "       [ 1.64241985e-01,  1.05192783e-01,  1.89447989e-01,\n",
       "         1.43822678e-01,  3.95003689e-01,  5.11121711e-01,\n",
       "         4.10185014e-01,  3.76405667e-01,  7.01057885e-01,\n",
       "         3.34606745e-01,  9.47092790e-02, -1.28440488e-01,\n",
       "         1.10123974e-01,  7.42567956e-02, -1.07531080e-01,\n",
       "         2.78367653e-01,  1.98136040e-01,  1.43367633e-01,\n",
       "         3.90088053e-01,  1.11289544e-01,  2.43957953e-01,\n",
       "         2.33437721e-01,  2.69967228e-01,  2.09513722e-01,\n",
       "         4.94707764e-01,  6.15522263e-01,  5.33457264e-01,\n",
       "         5.03413227e-01,  1.00176056e+00,  5.38795122e-01],\n",
       "       [ 7.07832563e-03,  1.19415220e-01,  5.11083511e-02,\n",
       "         3.74417763e-03,  5.00195447e-01,  6.88592503e-01,\n",
       "         5.15836457e-01,  3.69310185e-01,  4.39185353e-01,\n",
       "         7.68647654e-01,  4.96466850e-02, -4.57349464e-02,\n",
       "         8.55829815e-02,  1.75701742e-02,  1.01658978e-01,\n",
       "         5.92013208e-01,  4.40102736e-01,  3.11201479e-01,\n",
       "         7.82169401e-02,  5.92369136e-01,  9.36565772e-02,\n",
       "         2.19508204e-01,  1.39201504e-01,  7.97872577e-02,\n",
       "         6.18711558e-01,  8.11881713e-01,  6.87719567e-01,\n",
       "         5.12013995e-01,  5.38795122e-01,  1.00176056e+00]])"
      ]
     },
     "execution_count": 35,
     "metadata": {},
     "output_type": "execute_result"
    }
   ],
   "source": [
    "covariance_matrix = np.cov(dataset_standardizated.T)\n",
    "covariance_matrix"
   ]
  },
  {
   "cell_type": "code",
   "execution_count": 36,
   "metadata": {},
   "outputs": [
    {
     "name": "stdout",
     "output_type": "stream",
     "text": [
      "eigenvalues:\n",
      " [1.33049908e+01 5.70137460e+00 2.82291016e+00 1.98412752e+00\n",
      " 1.65163324e+00 1.20948224e+00 6.76408882e-01 4.77456255e-01\n",
      " 4.17628782e-01 3.51310875e-01 2.94433153e-01 2.61621161e-01\n",
      " 2.41782421e-01 1.57286149e-01 9.43006956e-02 8.00034045e-02\n",
      " 5.95036135e-02 5.27114222e-02 4.95647002e-02 1.33279057e-04\n",
      " 7.50121413e-04 1.59213600e-03 6.91261258e-03 8.19203712e-03\n",
      " 1.55085271e-02 1.80867940e-02 2.43836914e-02 2.74877113e-02\n",
      " 3.12142606e-02 3.00256631e-02] \n",
      "\n",
      "eigenvectors:\n",
      " [[ 2.18902444e-01 -2.33857132e-01 -8.53124284e-03  4.14089623e-02\n",
      "  -3.77863538e-02  1.87407904e-02  1.24088340e-01  7.45229622e-03\n",
      "  -2.23109764e-01  9.54864432e-02  4.14714866e-02  5.10674568e-02\n",
      "   1.19672116e-02 -5.95061348e-02 -5.11187749e-02  1.50583883e-01\n",
      "  -2.02924255e-01 -1.46712338e-01 -2.25384659e-01 -7.02414091e-01\n",
      "   2.11460455e-01 -2.11194013e-01 -1.31526670e-01  1.29476396e-01\n",
      "   1.92264989e-02 -1.82579441e-01  9.85526942e-02 -7.29289034e-02\n",
      "  -4.96986642e-02  6.85700057e-02]\n",
      " [ 1.03724578e-01 -5.97060883e-02  6.45499033e-02 -6.03050001e-01\n",
      "   4.94688505e-02 -3.21788366e-02 -1.13995382e-02 -1.30674825e-01\n",
      "   1.12699390e-01  2.40934066e-01 -3.02243402e-01  2.54896423e-01\n",
      "   2.03461333e-01  2.15600995e-02 -1.07922421e-01  1.57841960e-01\n",
      "   3.87061187e-02  4.11029851e-02 -2.97886446e-02 -2.73661018e-04\n",
      "  -1.05339342e-02  6.58114593e-05 -1.73573093e-02  2.45566636e-02\n",
      "  -8.47459309e-02  9.87867898e-02  5.54997454e-04 -9.48006326e-02\n",
      "  -2.44134993e-01 -4.48369467e-01]\n",
      " [ 2.27537293e-01 -2.15181361e-01 -9.31421972e-03  4.19830991e-02\n",
      "  -3.73746632e-02  1.73084449e-02  1.14477057e-01  1.86872582e-02\n",
      "  -2.23739213e-01  8.63856150e-02  1.67826374e-02  3.89261058e-02\n",
      "   4.41095034e-02 -4.85138123e-02 -3.99029358e-02  1.14453955e-01\n",
      "  -1.94821310e-01 -1.58317455e-01 -2.39595276e-01  6.89896968e-01\n",
      "   3.83826098e-01 -8.43382663e-02 -1.15415423e-01  1.25255946e-01\n",
      "  -2.70154137e-02 -1.16648876e-01  4.02447050e-02 -7.51604777e-02\n",
      "  -1.76650122e-02  6.97690429e-02]\n",
      " [ 2.20994985e-01 -2.31076711e-01  2.86995259e-02  5.34337955e-02\n",
      "  -1.03312514e-02 -1.88774796e-03  5.16534275e-02 -3.46736038e-02\n",
      "  -1.95586014e-01  7.49564886e-02  1.10169643e-01  6.54375082e-02\n",
      "   6.73757374e-02 -1.08308292e-02  1.39669069e-02  1.32448032e-01\n",
      "  -2.55705763e-01 -2.66168105e-01  2.73221894e-02  3.29473482e-02\n",
      "  -4.22794920e-01  2.72508323e-01  4.66612477e-01 -3.62727403e-01\n",
      "   2.10040780e-01  6.98483369e-02 -7.77727342e-03 -9.75657781e-02\n",
      "  -9.01437617e-02  1.84432785e-02]\n",
      " [ 1.42589694e-01  1.86113023e-01 -1.04291904e-01  1.59382765e-01\n",
      "   3.65088528e-01 -2.86374497e-01  1.40668993e-01  2.88974575e-01\n",
      "   6.42472194e-03 -6.92926813e-02 -1.37021842e-01  3.16727211e-01\n",
      "   4.55736020e-02 -4.45064860e-01 -1.18143364e-01  2.04613247e-01\n",
      "  -1.67929914e-01  3.52226802e-01  1.64565843e-01  4.84745766e-03\n",
      "  -3.43466700e-03 -1.47926883e-03  6.96899233e-02  3.70036864e-02\n",
      "  -2.89548850e-02  6.86974224e-02  2.06657211e-02 -6.38229479e-02\n",
      "   1.71009601e-02  1.19491747e-01]\n",
      " [ 2.39285354e-01  1.51891610e-01 -7.40915709e-02  3.17945811e-02\n",
      "  -1.17039713e-02 -1.41309489e-02 -3.09184960e-02  1.51396350e-01\n",
      "  -1.67841425e-01  1.29362000e-02 -3.08009633e-01 -1.04017044e-01\n",
      "   2.29281304e-01 -8.10105720e-03  2.30899962e-01 -1.70178367e-01\n",
      "   2.03077075e-02 -7.79413843e-03 -2.84222358e-01 -4.46741863e-02\n",
      "  -4.10167739e-02  5.46276696e-03  9.77487054e-02 -2.62808474e-01\n",
      "  -3.96623231e-01 -1.04135518e-01 -5.23603957e-02  9.80775567e-02\n",
      "   4.88686329e-01 -1.92621396e-01]\n",
      " [ 2.58400481e-01  6.01653628e-02  2.73383798e-03  1.91227535e-02\n",
      "  -8.63754118e-02 -9.34418089e-03  1.07520443e-01  7.28272853e-02\n",
      "   4.05910064e-02 -1.35602298e-01  1.24190245e-01  6.56534798e-02\n",
      "   3.87090806e-01  1.89358699e-01 -1.28283732e-01 -2.69470206e-01\n",
      "   1.59835337e-03  2.69681105e-02 -2.26636013e-03 -2.51386661e-02\n",
      "  -1.00147876e-02 -4.55386379e-02  3.64808397e-01  5.48876170e-01\n",
      "   9.69773167e-02  4.47410568e-02 -3.24870378e-01  1.85212003e-01\n",
      "  -3.33870858e-02 -5.57175335e-03]\n",
      " [ 2.60853758e-01 -3.47675005e-02 -2.55635406e-02  6.53359443e-02\n",
      "   4.38610252e-02 -5.20499505e-02  1.50482214e-01  1.52322414e-01\n",
      "  -1.11971106e-01  8.05452775e-03 -7.24460264e-02  4.25892667e-02\n",
      "   1.32138097e-01  2.44794768e-01 -2.17099194e-01 -3.80464095e-01\n",
      "  -3.45095087e-02  8.28277367e-02  1.54972363e-01  1.07726530e-03\n",
      "  -4.20694931e-03  8.88309714e-03 -4.54699351e-01 -3.87643377e-01\n",
      "   1.86451602e-01  8.40276972e-02  5.14087968e-02  3.11852431e-01\n",
      "  -2.35407606e-01  9.42381870e-03]\n",
      " [ 1.38166959e-01  1.90348770e-01 -4.02399363e-02  6.71249840e-02\n",
      "   3.05941428e-01  3.56458461e-01  9.38911345e-02  2.31530989e-01\n",
      "   2.56040084e-01  5.72069479e-01  1.63054081e-01 -2.88865504e-01\n",
      "   1.89933673e-01 -3.07388563e-02 -7.39617071e-02  1.64661588e-01\n",
      "   1.91737848e-01 -1.73397790e-01  5.88111647e-02  1.28037941e-03\n",
      "  -7.56986244e-03 -1.43302642e-03 -1.51648349e-02  1.60440385e-02\n",
      "   2.45836949e-02  1.93394733e-02  5.12005770e-02  1.84067326e-02\n",
      "   2.60691555e-02  8.69384844e-02]\n",
      " [ 6.43633464e-02  3.66575471e-01 -2.25740897e-02  4.85867649e-02\n",
      "   4.44243602e-02 -1.19430668e-01 -2.95760024e-01  1.77121441e-01\n",
      "  -1.23740789e-01  8.11032072e-02 -3.80482687e-02  2.36358988e-01\n",
      "   1.06239082e-01  3.77078865e-01  5.17975705e-01  4.07927860e-02\n",
      "  -5.02252456e-02 -8.78673570e-02  5.81570509e-02  4.75568480e-03\n",
      "   7.30143287e-03  6.31168651e-03 -1.01244946e-01  9.74048386e-02\n",
      "   2.07221864e-01 -1.33260547e-01  8.46898562e-02 -2.87868885e-01\n",
      "  -1.75637222e-01  7.62718362e-02]\n",
      " [ 2.05978776e-01 -1.05552152e-01  2.68481387e-01  9.79412418e-02\n",
      "   1.54456496e-01 -2.56032561e-02 -3.12490037e-01 -2.25399674e-02\n",
      "   2.49985002e-01 -4.95475941e-02 -2.53570194e-02 -1.66879153e-02\n",
      "  -6.81952298e-02 -1.03474126e-02 -1.10050711e-01 -5.89057190e-02\n",
      "   1.39396866e-01  2.36216532e-01 -1.75883308e-01  8.71109373e-03\n",
      "   1.18442112e-01  1.92223890e-01  2.12982901e-01 -4.99770798e-02\n",
